00111111
10000000
00000000
00000000
00111111
10000000
00000000
00000000
00111111
10000000
00000000
00000000
00111111
10000000
00000000
00000000
01000000
00000000
00000000
00000000
01000000
00000000
00000000
00000000
01000000
00000000
00000000
00000000
01000000
00000000
00000000
00000000
00111111
10000000
00000000
00000000
00111111
10000000
00000000
00000000
00111111
10000000
00000000
00000000
00111111
10000000
00000000
00000000
01000000
00000000
00000000
00000000
01000000
00000000
00000000
00000000
01000000
00000000
00000000
00000000
01000000
00000000
00000000
00000000
01000000
00000000
00000000
00000000
01000000
00000000
00000000
00000000
01000000
00000000
00000000
00000000
01000000
00000000
00000000
00000000
00111111
10000000
00000000
00000000
00111111
10000000
00000000
00000000
00111111
10000000
00000000
00000000
00111111
10000000
00000000
00000000
01000000
00000000
00000000
00000000
01000000
00000000
00000000
00000000
01000000
00000000
00000000
00000000
01000000
00000000
00000000
00000000
00111111
10000000
00000000
00000000
00111111
10000000
00000000
00000000
00111111
10000000
00000000
00000000
00111111
10000000
00000000
00000000
