000100000110000000000011000100000001000000100000010000001
000001000010000000000001110000000011000001100000110000011
000100000010000000000010010010000010000001100001000000101
000110000000000000000001111110000001000001100000100000010
000000111000000000000001111110000101000001000000100000100
000000111000000000000001111110000010000001000000100000111
000000111000000000000010000000000000000100000010000001000
010000000010000000000000000000000000000000000000000000000
010000000010000000000000000000000000000000000000000000000
010000000010000000000000000000000000000000000000000000000
010110001000000000000000000000001010000101100000000000000
000000000000000000000000000000000000000000000000000000000
