000011000010000000000000001000000000000000000000010001010
000011000010000000000000010000000000000000000000010001011
100010000010000000000000001100000000000000000000000000101
010000000010000000000000000000000000000000000000000000000
010000000010000000000000000000000000000000000000000000000
010000000010000000000000000000000000000000000000000000000
010000000010000000000000000000000000000000000000000000000
010000000010000000000000000000000000000000000000000000000
010000000010000000000000000000000000000000000000000000000
010000000010000000000000000000000000000000000000000000000
010000000010000000000000000000000000000000000000000000000
010000000010000000000000000000000000000000000000000000000
010000000010000000000000000000000000000000000000000000000
